   2.7730000e+00
   2.7100000e+00
   2.7220000e+00
   2.7910000e+00
   2.9280000e+00
   3.1080000e+00
   3.3170000e+00
   3.5070000e+00
   3.6550000e+00
   3.7260000e+00
   3.7110000e+00
   3.5990000e+00
   3.4200000e+00
   3.1970000e+00
   3.0060000e+00
   2.9000000e+00
   2.9000000e+00
   3.0070000e+00
   3.1820000e+00
   3.3480000e+00
   3.4550000e+00
   3.4720000e+00
   3.4030000e+00
   3.2640000e+00
   3.0990000e+00
   2.9270000e+00
   2.7890000e+00
   2.6740000e+00
   2.6200000e+00
   2.6190000e+00
   2.6970000e+00
   2.8500000e+00
   3.0460000e+00
   3.2710000e+00
   3.4960000e+00
   3.6740000e+00
   3.7910000e+00
   3.8140000e+00
   3.7340000e+00
   3.5720000e+00
   3.3930000e+00
   3.2290000e+00
   3.1370000e+00
   3.1480000e+00
   3.2660000e+00
   3.4620000e+00
   3.6710000e+00
   3.8320000e+00
   3.8990000e+00
   3.8730000e+00
   3.7470000e+00
   3.5520000e+00
   3.3440000e+00
   3.1320000e+00
   2.9490000e+00
   2.8120000e+00
   2.7350000e+00
   2.7350000e+00
   2.8140000e+00
   2.9520000e+00
   3.1440000e+00
   3.3420000e+00
   3.5310000e+00
   3.6690000e+00
   3.7120000e+00
   3.6560000e+00
   3.5190000e+00
   3.3460000e+00
   3.1860000e+00
   3.0930000e+00
   3.0990000e+00
   3.2110000e+00
   3.4130000e+00
   3.6640000e+00
   3.8920000e+00
   4.0620000e+00
   4.1340000e+00
   4.1040000e+00
   3.9800000e+00
   3.8140000e+00
   3.6290000e+00
   3.4440000e+00
   3.3000000e+00
   3.2100000e+00
   3.1940000e+00
   3.2340000e+00
   3.3350000e+00
   3.4860000e+00
   3.6780000e+00
   3.8610000e+00
   4.0180000e+00
   4.0970000e+00
   4.0690000e+00
   3.9310000e+00
   3.7070000e+00
   3.4770000e+00
   3.2880000e+00
   3.1990000e+00
   3.2200000e+00
   3.3370000e+00
   3.4980000e+00
   3.6420000e+00
   3.7520000e+00
   3.7900000e+00
   3.7480000e+00
   3.6340000e+00
   3.4790000e+00
   3.2930000e+00
   3.1150000e+00
   2.9700000e+00
   2.8750000e+00
   2.8410000e+00
   2.8680000e+00
   2.9540000e+00
   3.0890000e+00
   3.2590000e+00
   3.4520000e+00
   3.6300000e+00
   3.7680000e+00
   3.8200000e+00
   3.7650000e+00
   3.6340000e+00
   3.4530000e+00
   3.2810000e+00
   3.1830000e+00
   3.2010000e+00
   3.3130000e+00
   3.4710000e+00
   3.6260000e+00
   3.7130000e+00
   3.7370000e+00
   3.6660000e+00
   3.5310000e+00
   3.3480000e+00
   3.1400000e+00
   2.9240000e+00
   2.7320000e+00
   2.5960000e+00
   2.5170000e+00
   2.5000000e+00
   2.5500000e+00
   2.6570000e+00
   2.7960000e+00
   2.9600000e+00
   3.1270000e+00
   3.2520000e+00
   3.3360000e+00
   3.3330000e+00
   3.2370000e+00
   3.0610000e+00
   2.8800000e+00
   2.7530000e+00
   2.7330000e+00
   2.8210000e+00
   2.9920000e+00
   3.1800000e+00
   3.3230000e+00
   3.3820000e+00
   3.3410000e+00
   3.2270000e+00
   3.0670000e+00
   2.8760000e+00
   2.6860000e+00
   2.5080000e+00
   2.3690000e+00
   2.2870000e+00
   2.2650000e+00
   2.2940000e+00
   2.3710000e+00
   2.4710000e+00
   2.5940000e+00
   2.7090000e+00
   2.7860000e+00
   2.8220000e+00
   2.7900000e+00
   2.6800000e+00
   2.5010000e+00
   2.3100000e+00
   2.1520000e+00
   2.0760000e+00
   2.1160000e+00
   2.2720000e+00
   2.4710000e+00
   2.6600000e+00
   2.7690000e+00
   2.7690000e+00
   2.6820000e+00
   2.5320000e+00
   2.3460000e+00
   2.1710000e+00
   2.0190000e+00
   1.9170000e+00
   1.8770000e+00
   1.8880000e+00
   1.9720000e+00
   2.1000000e+00
   2.2760000e+00
   2.4690000e+00
   2.6560000e+00
   2.8020000e+00
   2.9080000e+00
   2.9570000e+00
   2.9360000e+00
   2.8230000e+00
   2.6650000e+00
   2.5060000e+00
   2.3860000e+00
   2.3660000e+00
   2.4570000e+00
   2.6390000e+00
   2.8300000e+00
   2.9490000e+00
   2.9640000e+00
   2.8820000e+00
   2.7170000e+00
   2.5110000e+00
   2.2870000e+00
   2.1050000e+00
   1.9620000e+00
   1.8720000e+00
   1.8520000e+00
   1.9060000e+00
   2.0290000e+00
   2.1880000e+00
   2.3830000e+00
   2.5790000e+00
   2.7600000e+00
   2.8800000e+00
   2.9290000e+00
   2.9030000e+00
   2.8090000e+00
   2.6790000e+00
   2.5520000e+00
   2.4630000e+00
   2.4600000e+00
   2.5590000e+00
   2.7490000e+00
   2.9670000e+00
   3.1790000e+00
   3.3160000e+00
   3.3310000e+00
   3.2350000e+00
   3.0700000e+00
   2.8510000e+00
   2.6490000e+00
   2.4740000e+00
   2.3510000e+00
   2.2880000e+00
   2.2880000e+00
   2.3500000e+00
   2.4530000e+00
   2.6120000e+00
   2.7830000e+00
   2.9420000e+00
   3.0690000e+00
   3.1290000e+00
   3.1070000e+00
   3.0050000e+00
   2.8590000e+00
   2.7050000e+00
   2.6010000e+00
   2.5680000e+00
   2.6430000e+00
   2.7970000e+00
   3.0170000e+00
   3.2350000e+00
   3.4170000e+00
   3.5120000e+00
   3.4940000e+00
   3.3930000e+00
   3.2150000e+00
   3.0310000e+00
   2.8690000e+00
   2.7450000e+00
   2.6690000e+00
   2.6560000e+00
   2.7050000e+00
   2.7970000e+00
   2.9310000e+00
   3.0860000e+00
   3.2510000e+00
   3.3810000e+00
   3.4580000e+00
   3.4590000e+00
   3.3840000e+00
   3.2270000e+00
   3.0460000e+00
   2.8870000e+00
   2.8110000e+00
   2.8240000e+00
   2.9420000e+00
   3.1190000e+00
   3.3090000e+00
   3.4750000e+00
   3.5720000e+00
   3.5720000e+00
   3.4980000e+00
   3.3610000e+00
   3.1930000e+00
   3.0300000e+00
   2.8930000e+00
   2.8090000e+00
   2.7870000e+00
   2.8250000e+00
   2.9180000e+00
   3.0620000e+00
   3.2220000e+00
   3.4000000e+00
   3.5640000e+00
   3.6930000e+00
   3.7640000e+00
   3.7580000e+00
   3.6840000e+00
   3.5440000e+00
   3.3880000e+00
   3.2940000e+00
   3.2850000e+00
   3.3600000e+00
   3.5090000e+00
   3.6790000e+00
   3.8030000e+00
   3.8360000e+00
   3.7850000e+00
   3.6560000e+00
   3.4710000e+00
   3.2570000e+00
   3.0400000e+00
   2.8490000e+00
   2.7030000e+00
   2.6250000e+00
   2.6080000e+00
   2.6350000e+00
   2.7250000e+00
   2.8410000e+00
   2.9760000e+00
   3.1020000e+00
   3.2130000e+00
   3.2790000e+00
   3.2860000e+00
   3.2250000e+00
   3.1140000e+00
   2.9640000e+00
   2.8480000e+00
   2.8080000e+00
   2.8760000e+00
   3.0290000e+00
   3.2360000e+00
   3.4100000e+00
   3.4970000e+00
   3.4920000e+00
   3.3850000e+00
   3.2180000e+00
   3.0030000e+00
   2.7910000e+00
   2.5930000e+00
   2.4370000e+00
   2.3250000e+00
   2.2730000e+00
   2.2980000e+00
   2.3680000e+00
   2.4660000e+00
   2.5850000e+00
   2.7050000e+00
   2.7900000e+00
   2.8560000e+00
   2.8610000e+00
   2.8300000e+00
   2.7350000e+00
   2.6060000e+00
   2.4820000e+00
   2.4010000e+00
   2.4140000e+00
   2.5250000e+00
   2.7120000e+00
   2.9090000e+00
   3.0340000e+00
   3.0590000e+00
   2.9560000e+00
   2.7640000e+00
   2.5380000e+00
   2.3110000e+00
   2.1130000e+00
   1.9790000e+00
   1.8990000e+00
   1.8780000e+00
   1.9270000e+00
   2.0360000e+00
   2.1900000e+00
   2.3590000e+00
   2.5320000e+00
   2.6800000e+00
   2.8070000e+00
   2.8840000e+00
   2.8950000e+00
   2.8360000e+00
   2.7550000e+00
   2.6600000e+00
   2.5820000e+00
   2.5720000e+00
   2.6630000e+00
   2.8390000e+00
   3.0730000e+00
   3.2760000e+00
   3.3990000e+00
   3.3860000e+00
   3.2620000e+00
   3.0600000e+00
   2.8320000e+00
   2.6240000e+00
   2.4630000e+00
   2.3580000e+00
   2.3140000e+00
   2.3400000e+00
   2.4110000e+00
   2.5240000e+00
   2.6720000e+00
   2.8120000e+00
   2.9320000e+00
   3.0240000e+00
   3.0630000e+00
   3.0420000e+00
   2.9650000e+00
   2.8500000e+00
   2.7260000e+00
   2.6410000e+00
   2.6190000e+00
   2.6880000e+00
   2.8610000e+00
   3.0930000e+00
   3.3510000e+00
   3.5600000e+00
   3.6660000e+00
   3.6460000e+00
   3.5200000e+00
   3.3320000e+00
   3.1280000e+00
   2.9590000e+00
   2.8370000e+00
   2.7680000e+00
   2.7600000e+00
   2.8090000e+00
   2.8940000e+00
   3.0020000e+00
   3.1320000e+00
   3.2420000e+00
   3.3330000e+00
   3.3650000e+00
   3.3280000e+00
   3.2370000e+00
   3.0970000e+00
   2.9360000e+00
   2.7920000e+00
   2.7040000e+00
   2.6890000e+00
   2.7720000e+00
   2.9260000e+00
   3.1010000e+00
   3.2670000e+00
   3.3630000e+00
   3.3760000e+00
   3.2900000e+00
   3.1240000e+00
   2.9310000e+00
   2.7600000e+00
   2.6360000e+00
   2.5930000e+00
   2.6350000e+00
   2.7340000e+00
   2.8710000e+00
   3.0340000e+00
   3.2150000e+00
   3.4070000e+00
   3.5780000e+00
   3.6920000e+00
   3.7430000e+00
   3.7320000e+00
   3.6550000e+00
   3.5400000e+00
   3.4160000e+00
   3.3170000e+00
   3.3060000e+00
   3.3540000e+00
   3.4730000e+00
   3.6360000e+00
   3.7760000e+00
   3.8600000e+00
   3.8520000e+00
   3.7520000e+00
   3.5830000e+00
   3.3560000e+00
   3.1320000e+00
   2.9280000e+00
   2.7870000e+00
   2.7110000e+00
   2.6940000e+00
   2.7380000e+00
   2.8180000e+00
   2.9200000e+00
   3.0250000e+00
   3.1180000e+00
   3.1910000e+00
   3.2220000e+00
   3.2000000e+00
   3.1230000e+00
   3.0010000e+00
   2.8620000e+00
   2.7490000e+00
   2.7040000e+00
   2.7510000e+00
   2.8720000e+00
   3.0360000e+00
   3.1880000e+00
   3.2820000e+00
   3.2800000e+00
   3.1900000e+00
   3.0290000e+00
   2.8240000e+00
   2.5980000e+00
   2.4020000e+00
   2.2300000e+00
   2.1280000e+00
   2.0870000e+00
   2.0890000e+00
   2.1410000e+00
   2.2160000e+00
   2.2870000e+00
   2.3680000e+00
   2.4130000e+00
   2.4420000e+00
   2.4160000e+00
   2.3520000e+00
   2.2540000e+00
   2.1300000e+00
   2.0130000e+00
   1.9480000e+00
   1.9690000e+00
   2.0850000e+00
   2.2590000e+00
   2.4610000e+00
   2.5980000e+00
   2.6370000e+00
   2.5690000e+00
   2.4170000e+00
   2.2190000e+00
   2.0230000e+00
   1.8380000e+00
   1.7060000e+00
   1.6290000e+00
   1.6110000e+00
   1.6500000e+00
   1.7340000e+00
   1.8550000e+00
   1.9750000e+00
   2.0860000e+00
   2.1720000e+00
   2.2230000e+00
   2.2330000e+00
   2.1790000e+00
   2.0960000e+00
   1.9750000e+00
   1.8520000e+00
   1.7610000e+00
   1.7320000e+00
   1.8090000e+00
   1.9740000e+00
   2.1820000e+00
   2.3630000e+00
   2.4440000e+00
   2.4290000e+00
   2.3000000e+00
   2.0980000e+00
   1.8950000e+00
   1.7140000e+00
   1.5910000e+00
   1.5160000e+00
   1.5110000e+00
   1.5740000e+00
   1.6840000e+00
   1.8190000e+00
   1.9780000e+00
   2.1320000e+00
   2.2640000e+00
   2.3500000e+00
   2.3940000e+00
   2.4040000e+00
   2.3550000e+00
   2.2790000e+00
   2.1850000e+00
   2.1140000e+00
   2.0980000e+00
   2.1570000e+00
   2.3190000e+00
   2.5410000e+00
   2.7780000e+00
   2.9580000e+00
   3.0240000e+00
   2.9550000e+00
   2.7660000e+00
   2.5310000e+00
   2.2990000e+00
   2.1020000e+00
   1.9800000e+00
   1.9220000e+00
   1.9150000e+00
   1.9590000e+00
   2.0420000e+00
   2.1470000e+00
   2.2540000e+00
   2.3530000e+00
   2.4200000e+00
   2.4440000e+00
   2.4320000e+00
   2.3770000e+00
   2.3000000e+00
   2.2210000e+00
   2.1470000e+00
   2.1290000e+00
   2.1830000e+00
   2.3330000e+00
   2.5510000e+00
   2.8210000e+00
   3.0660000e+00
   3.2430000e+00
   3.2780000e+00
   3.1860000e+00
   3.0020000e+00
   2.7730000e+00
   2.5670000e+00
   2.4190000e+00
   2.3430000e+00
   2.3230000e+00
   2.3590000e+00
   2.4360000e+00
   2.5410000e+00
   2.6660000e+00
   2.7710000e+00
   2.8600000e+00
   2.9200000e+00
   2.9230000e+00
   2.8910000e+00
   2.8200000e+00
   2.7380000e+00
   2.6520000e+00
   2.6130000e+00
   2.6400000e+00
   2.7450000e+00
   2.9240000e+00
   3.1530000e+00
   3.3890000e+00
   3.5700000e+00
   3.6620000e+00
   3.6310000e+00
   3.5060000e+00
   3.2970000e+00
   3.0780000e+00
   2.8970000e+00
   2.7620000e+00
   2.6980000e+00
   2.6950000e+00
   2.7370000e+00
   2.8000000e+00
   2.8780000e+00
   2.9530000e+00
   3.0200000e+00
   3.0540000e+00
   3.0560000e+00
   3.0130000e+00
   2.9390000e+00
   2.8360000e+00
   2.7370000e+00
   2.6640000e+00
   2.6480000e+00
   2.7280000e+00
   2.8720000e+00
   3.0660000e+00
   3.2700000e+00
   3.4410000e+00
   3.5420000e+00
   3.5530000e+00
   3.4620000e+00
   3.3030000e+00
   3.1160000e+00
   2.9330000e+00
   2.8000000e+00
   2.7450000e+00
   2.7440000e+00
   2.7940000e+00
   2.8780000e+00
   2.9780000e+00
   3.0810000e+00
   3.1590000e+00
   3.2210000e+00
   3.2360000e+00
   3.2110000e+00
   3.1470000e+00
   3.0510000e+00
   2.9310000e+00
   2.8330000e+00
   2.7710000e+00
   2.7810000e+00
   2.8610000e+00
   3.0100000e+00
   3.1740000e+00
   3.2940000e+00
   3.3510000e+00
   3.3280000e+00
   3.2230000e+00
   3.0570000e+00
   2.8620000e+00
   2.6750000e+00
   2.5270000e+00
   2.4360000e+00
   2.4090000e+00
   2.4380000e+00
   2.5060000e+00
   2.5940000e+00
   2.6750000e+00
   2.7540000e+00
   2.7980000e+00
   2.8200000e+00
   2.8050000e+00
   2.7440000e+00
   2.6630000e+00
   2.5640000e+00
   2.4690000e+00
   2.4060000e+00
   2.3970000e+00
   2.4800000e+00
   2.6390000e+00
   2.8430000e+00
   3.0250000e+00
   3.1300000e+00
   3.1400000e+00
   3.0400000e+00
   2.8790000e+00
   2.6900000e+00
   2.5210000e+00
   2.3910000e+00
   2.3160000e+00
   2.3020000e+00
   2.3360000e+00
   2.4260000e+00
   2.5520000e+00
   2.6650000e+00
   2.7770000e+00
   2.8560000e+00
   2.9030000e+00
   2.9130000e+00
   2.8880000e+00
   2.8330000e+00
   2.7590000e+00
   2.6750000e+00
   2.6020000e+00
   2.5910000e+00
   2.6580000e+00
   2.7990000e+00
   3.0040000e+00
   3.2190000e+00
   3.3880000e+00
   3.4570000e+00
   3.4010000e+00
   3.2620000e+00
   3.0710000e+00
   2.8720000e+00
   2.7220000e+00
   2.6230000e+00
   2.5980000e+00
   2.6320000e+00
   2.7050000e+00
   2.8010000e+00
   2.9130000e+00
   3.0210000e+00
   3.1080000e+00
   3.1530000e+00
   3.1500000e+00
   3.1100000e+00
   3.0280000e+00
   2.9250000e+00
   2.8160000e+00
   2.7120000e+00
   2.6480000e+00
   2.6500000e+00
   2.7250000e+00
   2.8880000e+00
   3.0960000e+00
   3.2890000e+00
   3.4010000e+00
   3.3960000e+00
   3.2710000e+00
   3.0430000e+00
   2.8030000e+00
   2.5880000e+00
   2.4440000e+00
   2.3700000e+00
   2.3700000e+00
   2.4120000e+00
   2.5120000e+00
   2.6340000e+00
   2.7610000e+00
   2.8730000e+00
   2.9580000e+00
   3.0260000e+00
   3.0460000e+00
   3.0210000e+00
   2.9700000e+00
   2.9070000e+00
   2.8520000e+00
   2.8190000e+00
   2.8400000e+00
   2.9240000e+00
   3.0840000e+00
   3.2950000e+00
   3.5260000e+00
   3.7080000e+00
   3.7950000e+00
   3.7460000e+00
   3.5780000e+00
   3.3290000e+00
   3.0790000e+00
   2.8620000e+00
   2.7260000e+00
   2.6610000e+00
   2.6540000e+00
   2.6980000e+00
   2.7670000e+00
   2.8450000e+00
   2.9080000e+00
   2.9590000e+00
   2.9870000e+00
   2.9780000e+00
   2.9440000e+00
   2.9000000e+00
   2.8400000e+00
   2.7600000e+00
   2.7140000e+00
   2.7140000e+00
   2.7780000e+00
   2.9010000e+00
   3.0930000e+00
   3.3060000e+00
   3.5080000e+00
   3.6600000e+00
   3.6940000e+00
   3.6270000e+00
   3.4600000e+00
   3.2490000e+00
   3.0510000e+00
   2.9080000e+00
   2.8280000e+00
   2.8050000e+00
   2.8280000e+00
   2.8790000e+00
   2.9320000e+00
   2.9810000e+00
   3.0040000e+00
   3.0100000e+00
   2.9810000e+00
   2.9260000e+00
   2.8420000e+00
   2.7380000e+00
   2.6300000e+00
   2.5380000e+00
   2.4850000e+00
   2.5010000e+00
   2.5740000e+00
   2.7130000e+00
   2.8830000e+00
   3.0450000e+00
   3.1710000e+00
   3.2110000e+00
   3.1610000e+00
   3.0270000e+00
   2.8390000e+00
   2.6410000e+00
   2.4770000e+00
   2.3760000e+00
   2.3340000e+00
   2.3590000e+00
   2.3990000e+00
   2.4620000e+00
   2.5220000e+00
   2.5680000e+00
   2.5890000e+00
   2.5680000e+00
   2.5230000e+00
   2.4570000e+00
   2.3600000e+00
   2.2650000e+00
   2.1700000e+00
   2.1180000e+00
   2.1300000e+00
   2.2000000e+00
   2.3430000e+00
   2.5220000e+00
   2.6950000e+00
   2.8200000e+00
   2.8670000e+00
   2.8270000e+00
   2.7010000e+00
   2.5270000e+00
   2.3390000e+00
   2.1730000e+00
   2.0580000e+00
   1.9880000e+00
   1.9800000e+00
   2.0150000e+00
   2.0720000e+00
   2.1190000e+00
   2.1510000e+00
   2.1590000e+00
   2.1350000e+00
   2.0780000e+00
   1.9990000e+00
   1.8980000e+00
   1.7860000e+00
   1.6890000e+00
   1.6180000e+00
   1.5940000e+00
   1.6360000e+00
   1.7600000e+00
   1.9270000e+00
   2.1160000e+00
   2.2510000e+00
   2.3110000e+00
   2.2780000e+00
   2.1450000e+00
   1.9680000e+00
   1.7770000e+00
   1.6110000e+00
   1.5020000e+00
   1.4450000e+00
   1.4590000e+00
   1.5330000e+00
   1.6270000e+00
   1.7290000e+00
   1.8300000e+00
   1.9070000e+00
   1.9510000e+00
   1.9620000e+00
   1.9400000e+00
   1.8940000e+00
   1.8230000e+00
   1.7640000e+00
   1.7240000e+00
   1.7220000e+00
   1.7710000e+00
   1.8920000e+00
   2.0720000e+00
   2.3100000e+00
   2.5320000e+00
   2.6810000e+00
   2.7260000e+00
   2.6560000e+00
   2.4910000e+00
   2.2960000e+00
   2.1190000e+00
   2.0050000e+00
   1.9460000e+00
   1.9400000e+00
   1.9960000e+00
   2.0790000e+00
   2.1680000e+00
   2.2530000e+00
   2.3190000e+00
   2.3530000e+00
   2.3510000e+00
   2.3170000e+00
   2.2450000e+00
   2.1560000e+00
   2.0640000e+00
   1.9850000e+00
   1.9370000e+00
   1.9490000e+00
   2.0290000e+00
   2.1800000e+00
   2.3990000e+00
   2.6370000e+00
   2.8360000e+00
   2.9400000e+00
   2.9280000e+00
   2.8000000e+00
   2.6030000e+00
   2.4080000e+00
   2.2460000e+00
   2.1540000e+00
   2.1330000e+00
   2.1700000e+00
   2.2560000e+00
   2.3540000e+00
   2.4560000e+00
   2.5550000e+00
   2.6170000e+00
   2.6560000e+00
   2.6590000e+00
   2.6330000e+00
   2.5760000e+00
   2.5220000e+00
   2.4760000e+00
   2.4530000e+00
   2.4740000e+00
